{
 "cells": [
  {
   "cell_type": "markdown",
   "metadata": {},
   "source": [
    "## PIVOT-TABLE()\n",
    "Estudo de caso - Café"
   ]
  },
  {
   "cell_type": "markdown",
   "metadata": {},
   "source": [
    "As tabelas dinâmicas são um dos recursos mais poderosos do Excel. Uma tabela dinâmica nos permite extrair insights dos dados. O Pandas fornece uma função semelhante chamada pivot_table(). Pandas pivot_table()é uma função simples, mas pode produzir análises muito poderosas muito rapidamente.\n",
    "Neste artigo, vamos explorar como usar o Pandas pivot_table()com a ajuda de exemplos. Os exemplos abrangem as seguintes \n",
    "\n",
    "* tarefas:\n",
    "\n",
    "1 Tabela dinâmica mais simples\n",
    "\n",
    "2-Especificando valuese realizando agregação\n",
    "\n",
    "3-Vendo quebrar usando columns\n",
    "\n",
    "4-Substituindo valores ausentes\n",
    "\n",
    "5-Exibindo valuesvisualização múltipla  \n",
    "\n",
    "6-AjustandoMostrando total\n"
   ]
  },
  {
   "cell_type": "code",
   "execution_count": 17,
   "metadata": {},
   "outputs": [],
   "source": [
    "import pandas as pd\n"
   ]
  },
  {
   "cell_type": "code",
   "execution_count": 18,
   "metadata": {},
   "outputs": [],
   "source": [
    "cafe = pd.read_csv('coffee_data.csv')"
   ]
  },
  {
   "cell_type": "code",
   "execution_count": 19,
   "metadata": {},
   "outputs": [
    {
     "data": {
      "text/html": [
       "<div>\n",
       "<style scoped>\n",
       "    .dataframe tbody tr th:only-of-type {\n",
       "        vertical-align: middle;\n",
       "    }\n",
       "\n",
       "    .dataframe tbody tr th {\n",
       "        vertical-align: top;\n",
       "    }\n",
       "\n",
       "    .dataframe thead th {\n",
       "        text-align: right;\n",
       "    }\n",
       "</style>\n",
       "<table border=\"1\" class=\"dataframe\">\n",
       "  <thead>\n",
       "    <tr style=\"text-align: right;\">\n",
       "      <th></th>\n",
       "      <th>order_date</th>\n",
       "      <th>market</th>\n",
       "      <th>region</th>\n",
       "      <th>product_category</th>\n",
       "      <th>product</th>\n",
       "      <th>estimated_cost</th>\n",
       "      <th>estimated_gross_profit</th>\n",
       "      <th>estimated_net_profit</th>\n",
       "      <th>estimated_sales</th>\n",
       "      <th>cost</th>\n",
       "      <th>inventory</th>\n",
       "      <th>gross_profit</th>\n",
       "      <th>net_profit</th>\n",
       "      <th>sales</th>\n",
       "    </tr>\n",
       "  </thead>\n",
       "  <tbody>\n",
       "    <tr>\n",
       "      <th>0</th>\n",
       "      <td>2010-01-01</td>\n",
       "      <td>Wholesale</td>\n",
       "      <td>Central</td>\n",
       "      <td>Coffee</td>\n",
       "      <td>Amaretto</td>\n",
       "      <td>90</td>\n",
       "      <td>130</td>\n",
       "      <td>100</td>\n",
       "      <td>220</td>\n",
       "      <td>89</td>\n",
       "      <td>777</td>\n",
       "      <td>130</td>\n",
       "      <td>94</td>\n",
       "      <td>219</td>\n",
       "    </tr>\n",
       "    <tr>\n",
       "      <th>1</th>\n",
       "      <td>2010-01-01</td>\n",
       "      <td>Wholesale</td>\n",
       "      <td>Central</td>\n",
       "      <td>Coffee</td>\n",
       "      <td>Columbian</td>\n",
       "      <td>80</td>\n",
       "      <td>110</td>\n",
       "      <td>80</td>\n",
       "      <td>190</td>\n",
       "      <td>83</td>\n",
       "      <td>623</td>\n",
       "      <td>107</td>\n",
       "      <td>68</td>\n",
       "      <td>190</td>\n",
       "    </tr>\n",
       "    <tr>\n",
       "      <th>2</th>\n",
       "      <td>2010-01-01</td>\n",
       "      <td>Wholesale</td>\n",
       "      <td>Central</td>\n",
       "      <td>Coffee</td>\n",
       "      <td>Decaf Irish Cream</td>\n",
       "      <td>100</td>\n",
       "      <td>140</td>\n",
       "      <td>110</td>\n",
       "      <td>240</td>\n",
       "      <td>95</td>\n",
       "      <td>821</td>\n",
       "      <td>139</td>\n",
       "      <td>101</td>\n",
       "      <td>234</td>\n",
       "    </tr>\n",
       "    <tr>\n",
       "      <th>3</th>\n",
       "      <td>2010-01-01</td>\n",
       "      <td>Wholesale</td>\n",
       "      <td>Central</td>\n",
       "      <td>Tea</td>\n",
       "      <td>Green Tea</td>\n",
       "      <td>30</td>\n",
       "      <td>50</td>\n",
       "      <td>30</td>\n",
       "      <td>80</td>\n",
       "      <td>44</td>\n",
       "      <td>623</td>\n",
       "      <td>56</td>\n",
       "      <td>30</td>\n",
       "      <td>100</td>\n",
       "    </tr>\n",
       "    <tr>\n",
       "      <th>4</th>\n",
       "      <td>2010-01-01</td>\n",
       "      <td>Wholesale</td>\n",
       "      <td>Central</td>\n",
       "      <td>Espresso</td>\n",
       "      <td>Caffe Mocha</td>\n",
       "      <td>60</td>\n",
       "      <td>90</td>\n",
       "      <td>70</td>\n",
       "      <td>150</td>\n",
       "      <td>54</td>\n",
       "      <td>456</td>\n",
       "      <td>80</td>\n",
       "      <td>54</td>\n",
       "      <td>134</td>\n",
       "    </tr>\n",
       "  </tbody>\n",
       "</table>\n",
       "</div>"
      ],
      "text/plain": [
       "   order_date     market   region product_category            product  \\\n",
       "0  2010-01-01  Wholesale  Central           Coffee           Amaretto   \n",
       "1  2010-01-01  Wholesale  Central           Coffee          Columbian   \n",
       "2  2010-01-01  Wholesale  Central           Coffee  Decaf Irish Cream   \n",
       "3  2010-01-01  Wholesale  Central              Tea          Green Tea   \n",
       "4  2010-01-01  Wholesale  Central         Espresso        Caffe Mocha   \n",
       "\n",
       "   estimated_cost  estimated_gross_profit  estimated_net_profit  \\\n",
       "0              90                     130                   100   \n",
       "1              80                     110                    80   \n",
       "2             100                     140                   110   \n",
       "3              30                      50                    30   \n",
       "4              60                      90                    70   \n",
       "\n",
       "   estimated_sales  cost  inventory  gross_profit  net_profit  sales  \n",
       "0              220    89        777           130          94    219  \n",
       "1              190    83        623           107          68    190  \n",
       "2              240    95        821           139         101    234  \n",
       "3               80    44        623            56          30    100  \n",
       "4              150    54        456            80          54    134  "
      ]
     },
     "execution_count": 19,
     "metadata": {},
     "output_type": "execute_result"
    }
   ],
   "source": [
    "cafe.head()"
   ]
  },
  {
   "cell_type": "code",
   "execution_count": 20,
   "metadata": {},
   "outputs": [
    {
     "data": {
      "text/html": [
       "<div>\n",
       "<style scoped>\n",
       "    .dataframe tbody tr th:only-of-type {\n",
       "        vertical-align: middle;\n",
       "    }\n",
       "\n",
       "    .dataframe tbody tr th {\n",
       "        vertical-align: top;\n",
       "    }\n",
       "\n",
       "    .dataframe thead th {\n",
       "        text-align: right;\n",
       "    }\n",
       "</style>\n",
       "<table border=\"1\" class=\"dataframe\">\n",
       "  <thead>\n",
       "    <tr style=\"text-align: right;\">\n",
       "      <th></th>\n",
       "      <th>cost</th>\n",
       "      <th>estimated_cost</th>\n",
       "      <th>estimated_gross_profit</th>\n",
       "      <th>estimated_net_profit</th>\n",
       "      <th>estimated_sales</th>\n",
       "      <th>gross_profit</th>\n",
       "      <th>inventory</th>\n",
       "      <th>net_profit</th>\n",
       "      <th>sales</th>\n",
       "    </tr>\n",
       "    <tr>\n",
       "      <th>region</th>\n",
       "      <th></th>\n",
       "      <th></th>\n",
       "      <th></th>\n",
       "      <th></th>\n",
       "      <th></th>\n",
       "      <th></th>\n",
       "      <th></th>\n",
       "      <th></th>\n",
       "      <th></th>\n",
       "    </tr>\n",
       "  </thead>\n",
       "  <tbody>\n",
       "    <tr>\n",
       "      <th>Central</th>\n",
       "      <td>84.157738</td>\n",
       "      <td>77.544643</td>\n",
       "      <td>108.735119</td>\n",
       "      <td>68.883929</td>\n",
       "      <td>186.279762</td>\n",
       "      <td>108.818452</td>\n",
       "      <td>742.648810</td>\n",
       "      <td>69.830357</td>\n",
       "      <td>197.206101</td>\n",
       "    </tr>\n",
       "    <tr>\n",
       "      <th>East</th>\n",
       "      <td>85.421171</td>\n",
       "      <td>72.635135</td>\n",
       "      <td>105.180180</td>\n",
       "      <td>63.941441</td>\n",
       "      <td>177.815315</td>\n",
       "      <td>111.421171</td>\n",
       "      <td>778.191441</td>\n",
       "      <td>66.685811</td>\n",
       "      <td>201.099099</td>\n",
       "    </tr>\n",
       "    <tr>\n",
       "      <th>South</th>\n",
       "      <td>65.327381</td>\n",
       "      <td>60.625000</td>\n",
       "      <td>85.505952</td>\n",
       "      <td>52.142857</td>\n",
       "      <td>146.130952</td>\n",
       "      <td>86.000000</td>\n",
       "      <td>478.273810</td>\n",
       "      <td>48.330357</td>\n",
       "      <td>154.651786</td>\n",
       "    </tr>\n",
       "    <tr>\n",
       "      <th>West</th>\n",
       "      <td>93.608631</td>\n",
       "      <td>80.669643</td>\n",
       "      <td>97.678571</td>\n",
       "      <td>55.327381</td>\n",
       "      <td>178.348214</td>\n",
       "      <td>104.205357</td>\n",
       "      <td>872.632440</td>\n",
       "      <td>55.056548</td>\n",
       "      <td>202.577381</td>\n",
       "    </tr>\n",
       "  </tbody>\n",
       "</table>\n",
       "</div>"
      ],
      "text/plain": [
       "              cost  estimated_cost  estimated_gross_profit  \\\n",
       "region                                                       \n",
       "Central  84.157738       77.544643              108.735119   \n",
       "East     85.421171       72.635135              105.180180   \n",
       "South    65.327381       60.625000               85.505952   \n",
       "West     93.608631       80.669643               97.678571   \n",
       "\n",
       "         estimated_net_profit  estimated_sales  gross_profit   inventory  \\\n",
       "region                                                                     \n",
       "Central             68.883929       186.279762    108.818452  742.648810   \n",
       "East                63.941441       177.815315    111.421171  778.191441   \n",
       "South               52.142857       146.130952     86.000000  478.273810   \n",
       "West                55.327381       178.348214    104.205357  872.632440   \n",
       "\n",
       "         net_profit       sales  \n",
       "region                           \n",
       "Central   69.830357  197.206101  \n",
       "East      66.685811  201.099099  \n",
       "South     48.330357  154.651786  \n",
       "West      55.056548  202.577381  "
      ]
     },
     "execution_count": 20,
     "metadata": {},
     "output_type": "execute_result"
    }
   ],
   "source": [
    "#Colocar a região com Index\n",
    "cafe.pivot_table(index='region')"
   ]
  },
  {
   "cell_type": "code",
   "execution_count": null,
   "metadata": {},
   "outputs": [],
   "source": []
  },
  {
   "cell_type": "markdown",
   "metadata": {},
   "source": [
    "Para exibir varios indices, podemos passar uma lista para index"
   ]
  },
  {
   "cell_type": "code",
   "execution_count": 21,
   "metadata": {},
   "outputs": [
    {
     "data": {
      "text/html": [
       "<div>\n",
       "<style scoped>\n",
       "    .dataframe tbody tr th:only-of-type {\n",
       "        vertical-align: middle;\n",
       "    }\n",
       "\n",
       "    .dataframe tbody tr th {\n",
       "        vertical-align: top;\n",
       "    }\n",
       "\n",
       "    .dataframe thead th {\n",
       "        text-align: right;\n",
       "    }\n",
       "</style>\n",
       "<table border=\"1\" class=\"dataframe\">\n",
       "  <thead>\n",
       "    <tr style=\"text-align: right;\">\n",
       "      <th></th>\n",
       "      <th></th>\n",
       "      <th>cost</th>\n",
       "      <th>estimated_cost</th>\n",
       "      <th>estimated_gross_profit</th>\n",
       "      <th>estimated_net_profit</th>\n",
       "      <th>estimated_sales</th>\n",
       "      <th>gross_profit</th>\n",
       "      <th>inventory</th>\n",
       "      <th>net_profit</th>\n",
       "      <th>sales</th>\n",
       "    </tr>\n",
       "    <tr>\n",
       "      <th>region</th>\n",
       "      <th>product_category</th>\n",
       "      <th></th>\n",
       "      <th></th>\n",
       "      <th></th>\n",
       "      <th></th>\n",
       "      <th></th>\n",
       "      <th></th>\n",
       "      <th></th>\n",
       "      <th></th>\n",
       "      <th></th>\n",
       "    </tr>\n",
       "  </thead>\n",
       "  <tbody>\n",
       "    <tr>\n",
       "      <th rowspan=\"4\" valign=\"top\">Central</th>\n",
       "      <th>Coffee</th>\n",
       "      <td>74.390625</td>\n",
       "      <td>72.812500</td>\n",
       "      <td>103.906250</td>\n",
       "      <td>63.072917</td>\n",
       "      <td>176.718750</td>\n",
       "      <td>101.692708</td>\n",
       "      <td>680.781250</td>\n",
       "      <td>60.583333</td>\n",
       "      <td>179.895833</td>\n",
       "    </tr>\n",
       "    <tr>\n",
       "      <th>Espresso</th>\n",
       "      <td>89.666667</td>\n",
       "      <td>102.708333</td>\n",
       "      <td>140.138889</td>\n",
       "      <td>99.027778</td>\n",
       "      <td>242.847222</td>\n",
       "      <td>113.152778</td>\n",
       "      <td>882.090278</td>\n",
       "      <td>81.600694</td>\n",
       "      <td>207.295139</td>\n",
       "    </tr>\n",
       "    <tr>\n",
       "      <th>Herbal tea</th>\n",
       "      <td>87.065476</td>\n",
       "      <td>70.178571</td>\n",
       "      <td>99.107143</td>\n",
       "      <td>67.678571</td>\n",
       "      <td>169.285714</td>\n",
       "      <td>110.642857</td>\n",
       "      <td>763.952381</td>\n",
       "      <td>73.681548</td>\n",
       "      <td>202.047619</td>\n",
       "    </tr>\n",
       "    <tr>\n",
       "      <th>Tea</th>\n",
       "      <td>87.690476</td>\n",
       "      <td>68.750000</td>\n",
       "      <td>96.964286</td>\n",
       "      <td>50.892857</td>\n",
       "      <td>165.714286</td>\n",
       "      <td>111.422619</td>\n",
       "      <td>672.529762</td>\n",
       "      <td>66.458333</td>\n",
       "      <td>203.500000</td>\n",
       "    </tr>\n",
       "    <tr>\n",
       "      <th rowspan=\"4\" valign=\"top\">East</th>\n",
       "      <th>Coffee</th>\n",
       "      <td>110.976190</td>\n",
       "      <td>98.809524</td>\n",
       "      <td>204.761905</td>\n",
       "      <td>156.547619</td>\n",
       "      <td>303.571429</td>\n",
       "      <td>219.261905</td>\n",
       "      <td>580.785714</td>\n",
       "      <td>184.476190</td>\n",
       "      <td>337.148810</td>\n",
       "    </tr>\n",
       "    <tr>\n",
       "      <th>Espresso</th>\n",
       "      <td>95.600000</td>\n",
       "      <td>86.333333</td>\n",
       "      <td>101.083333</td>\n",
       "      <td>36.333333</td>\n",
       "      <td>187.416667</td>\n",
       "      <td>101.666667</td>\n",
       "      <td>767.133333</td>\n",
       "      <td>26.016667</td>\n",
       "      <td>201.654167</td>\n",
       "    </tr>\n",
       "    <tr>\n",
       "      <th>Herbal tea</th>\n",
       "      <td>101.240741</td>\n",
       "      <td>70.092593</td>\n",
       "      <td>66.296296</td>\n",
       "      <td>27.500000</td>\n",
       "      <td>136.388889</td>\n",
       "      <td>86.175926</td>\n",
       "      <td>963.212963</td>\n",
       "      <td>29.736111</td>\n",
       "      <td>191.486111</td>\n",
       "    </tr>\n",
       "    <tr>\n",
       "      <th>Tea</th>\n",
       "      <td>46.962121</td>\n",
       "      <td>45.606061</td>\n",
       "      <td>77.348485</td>\n",
       "      <td>59.924242</td>\n",
       "      <td>122.954545</td>\n",
       "      <td>72.318182</td>\n",
       "      <td>762.484848</td>\n",
       "      <td>58.931818</td>\n",
       "      <td>121.882576</td>\n",
       "    </tr>\n",
       "    <tr>\n",
       "      <th rowspan=\"3\" valign=\"top\">South</th>\n",
       "      <th>Coffee</th>\n",
       "      <td>78.916667</td>\n",
       "      <td>94.895833</td>\n",
       "      <td>113.958333</td>\n",
       "      <td>81.145833</td>\n",
       "      <td>208.854167</td>\n",
       "      <td>90.666667</td>\n",
       "      <td>803.687500</td>\n",
       "      <td>60.947917</td>\n",
       "      <td>173.223958</td>\n",
       "    </tr>\n",
       "    <tr>\n",
       "      <th>Espresso</th>\n",
       "      <td>62.305556</td>\n",
       "      <td>46.388889</td>\n",
       "      <td>74.930556</td>\n",
       "      <td>44.305556</td>\n",
       "      <td>121.319444</td>\n",
       "      <td>90.527778</td>\n",
       "      <td>184.645833</td>\n",
       "      <td>52.100694</td>\n",
       "      <td>156.215278</td>\n",
       "    </tr>\n",
       "    <tr>\n",
       "      <th>Herbal tea</th>\n",
       "      <td>56.270833</td>\n",
       "      <td>47.708333</td>\n",
       "      <td>72.916667</td>\n",
       "      <td>34.895833</td>\n",
       "      <td>120.625000</td>\n",
       "      <td>74.541667</td>\n",
       "      <td>593.302083</td>\n",
       "      <td>30.057292</td>\n",
       "      <td>133.734375</td>\n",
       "    </tr>\n",
       "    <tr>\n",
       "      <th rowspan=\"4\" valign=\"top\">West</th>\n",
       "      <th>Coffee</th>\n",
       "      <td>90.814103</td>\n",
       "      <td>109.294872</td>\n",
       "      <td>113.974359</td>\n",
       "      <td>56.987179</td>\n",
       "      <td>223.269231</td>\n",
       "      <td>90.634615</td>\n",
       "      <td>931.583333</td>\n",
       "      <td>27.964744</td>\n",
       "      <td>185.410256</td>\n",
       "    </tr>\n",
       "    <tr>\n",
       "      <th>Espresso</th>\n",
       "      <td>84.133333</td>\n",
       "      <td>75.388889</td>\n",
       "      <td>101.333333</td>\n",
       "      <td>60.833333</td>\n",
       "      <td>176.722222</td>\n",
       "      <td>105.866667</td>\n",
       "      <td>828.933333</td>\n",
       "      <td>66.305556</td>\n",
       "      <td>194.188889</td>\n",
       "    </tr>\n",
       "    <tr>\n",
       "      <th>Herbal tea</th>\n",
       "      <td>98.987179</td>\n",
       "      <td>80.705128</td>\n",
       "      <td>114.679487</td>\n",
       "      <td>74.807692</td>\n",
       "      <td>195.384615</td>\n",
       "      <td>127.878205</td>\n",
       "      <td>802.282051</td>\n",
       "      <td>84.304487</td>\n",
       "      <td>231.692308</td>\n",
       "    </tr>\n",
       "    <tr>\n",
       "      <th>Tea</th>\n",
       "      <td>100.844444</td>\n",
       "      <td>61.111111</td>\n",
       "      <td>65.166667</td>\n",
       "      <td>31.500000</td>\n",
       "      <td>126.277778</td>\n",
       "      <td>93.788889</td>\n",
       "      <td>926.211111</td>\n",
       "      <td>41.938889</td>\n",
       "      <td>200.611111</td>\n",
       "    </tr>\n",
       "  </tbody>\n",
       "</table>\n",
       "</div>"
      ],
      "text/plain": [
       "                                cost  estimated_cost  estimated_gross_profit  \\\n",
       "region  product_category                                                       \n",
       "Central Coffee             74.390625       72.812500              103.906250   \n",
       "        Espresso           89.666667      102.708333              140.138889   \n",
       "        Herbal tea         87.065476       70.178571               99.107143   \n",
       "        Tea                87.690476       68.750000               96.964286   \n",
       "East    Coffee            110.976190       98.809524              204.761905   \n",
       "        Espresso           95.600000       86.333333              101.083333   \n",
       "        Herbal tea        101.240741       70.092593               66.296296   \n",
       "        Tea                46.962121       45.606061               77.348485   \n",
       "South   Coffee             78.916667       94.895833              113.958333   \n",
       "        Espresso           62.305556       46.388889               74.930556   \n",
       "        Herbal tea         56.270833       47.708333               72.916667   \n",
       "West    Coffee             90.814103      109.294872              113.974359   \n",
       "        Espresso           84.133333       75.388889              101.333333   \n",
       "        Herbal tea         98.987179       80.705128              114.679487   \n",
       "        Tea               100.844444       61.111111               65.166667   \n",
       "\n",
       "                          estimated_net_profit  estimated_sales  gross_profit  \\\n",
       "region  product_category                                                        \n",
       "Central Coffee                       63.072917       176.718750    101.692708   \n",
       "        Espresso                     99.027778       242.847222    113.152778   \n",
       "        Herbal tea                   67.678571       169.285714    110.642857   \n",
       "        Tea                          50.892857       165.714286    111.422619   \n",
       "East    Coffee                      156.547619       303.571429    219.261905   \n",
       "        Espresso                     36.333333       187.416667    101.666667   \n",
       "        Herbal tea                   27.500000       136.388889     86.175926   \n",
       "        Tea                          59.924242       122.954545     72.318182   \n",
       "South   Coffee                       81.145833       208.854167     90.666667   \n",
       "        Espresso                     44.305556       121.319444     90.527778   \n",
       "        Herbal tea                   34.895833       120.625000     74.541667   \n",
       "West    Coffee                       56.987179       223.269231     90.634615   \n",
       "        Espresso                     60.833333       176.722222    105.866667   \n",
       "        Herbal tea                   74.807692       195.384615    127.878205   \n",
       "        Tea                          31.500000       126.277778     93.788889   \n",
       "\n",
       "                           inventory  net_profit       sales  \n",
       "region  product_category                                      \n",
       "Central Coffee            680.781250   60.583333  179.895833  \n",
       "        Espresso          882.090278   81.600694  207.295139  \n",
       "        Herbal tea        763.952381   73.681548  202.047619  \n",
       "        Tea               672.529762   66.458333  203.500000  \n",
       "East    Coffee            580.785714  184.476190  337.148810  \n",
       "        Espresso          767.133333   26.016667  201.654167  \n",
       "        Herbal tea        963.212963   29.736111  191.486111  \n",
       "        Tea               762.484848   58.931818  121.882576  \n",
       "South   Coffee            803.687500   60.947917  173.223958  \n",
       "        Espresso          184.645833   52.100694  156.215278  \n",
       "        Herbal tea        593.302083   30.057292  133.734375  \n",
       "West    Coffee            931.583333   27.964744  185.410256  \n",
       "        Espresso          828.933333   66.305556  194.188889  \n",
       "        Herbal tea        802.282051   84.304487  231.692308  \n",
       "        Tea               926.211111   41.938889  200.611111  "
      ]
     },
     "execution_count": 21,
     "metadata": {},
     "output_type": "execute_result"
    }
   ],
   "source": [
    "cafe.pivot_table(index=['region','product_category'])"
   ]
  },
  {
   "cell_type": "code",
   "execution_count": null,
   "metadata": {},
   "outputs": [],
   "source": []
  },
  {
   "cell_type": "markdown",
   "metadata": {},
   "source": [
    "Os valores indexsão as chaves a serem agrupadas na tabela dinâmica. Você pode alterar a ordem dos valores para obter uma representação visual diferente, por exemplo, queremos dar uma olhada nos valores médios agrupando a região com product_category ."
   ]
  },
  {
   "cell_type": "code",
   "execution_count": 22,
   "metadata": {},
   "outputs": [
    {
     "data": {
      "text/html": [
       "<div>\n",
       "<style scoped>\n",
       "    .dataframe tbody tr th:only-of-type {\n",
       "        vertical-align: middle;\n",
       "    }\n",
       "\n",
       "    .dataframe tbody tr th {\n",
       "        vertical-align: top;\n",
       "    }\n",
       "\n",
       "    .dataframe thead th {\n",
       "        text-align: right;\n",
       "    }\n",
       "</style>\n",
       "<table border=\"1\" class=\"dataframe\">\n",
       "  <thead>\n",
       "    <tr style=\"text-align: right;\">\n",
       "      <th></th>\n",
       "      <th></th>\n",
       "      <th>cost</th>\n",
       "      <th>estimated_cost</th>\n",
       "      <th>estimated_gross_profit</th>\n",
       "      <th>estimated_net_profit</th>\n",
       "      <th>estimated_sales</th>\n",
       "      <th>gross_profit</th>\n",
       "      <th>inventory</th>\n",
       "      <th>net_profit</th>\n",
       "      <th>sales</th>\n",
       "    </tr>\n",
       "    <tr>\n",
       "      <th>product_category</th>\n",
       "      <th>region</th>\n",
       "      <th></th>\n",
       "      <th></th>\n",
       "      <th></th>\n",
       "      <th></th>\n",
       "      <th></th>\n",
       "      <th></th>\n",
       "      <th></th>\n",
       "      <th></th>\n",
       "      <th></th>\n",
       "    </tr>\n",
       "  </thead>\n",
       "  <tbody>\n",
       "    <tr>\n",
       "      <th rowspan=\"4\" valign=\"top\">Coffee</th>\n",
       "      <th>Central</th>\n",
       "      <td>74.390625</td>\n",
       "      <td>72.812500</td>\n",
       "      <td>103.906250</td>\n",
       "      <td>63.072917</td>\n",
       "      <td>176.718750</td>\n",
       "      <td>101.692708</td>\n",
       "      <td>680.781250</td>\n",
       "      <td>60.583333</td>\n",
       "      <td>179.895833</td>\n",
       "    </tr>\n",
       "    <tr>\n",
       "      <th>East</th>\n",
       "      <td>110.976190</td>\n",
       "      <td>98.809524</td>\n",
       "      <td>204.761905</td>\n",
       "      <td>156.547619</td>\n",
       "      <td>303.571429</td>\n",
       "      <td>219.261905</td>\n",
       "      <td>580.785714</td>\n",
       "      <td>184.476190</td>\n",
       "      <td>337.148810</td>\n",
       "    </tr>\n",
       "    <tr>\n",
       "      <th>South</th>\n",
       "      <td>78.916667</td>\n",
       "      <td>94.895833</td>\n",
       "      <td>113.958333</td>\n",
       "      <td>81.145833</td>\n",
       "      <td>208.854167</td>\n",
       "      <td>90.666667</td>\n",
       "      <td>803.687500</td>\n",
       "      <td>60.947917</td>\n",
       "      <td>173.223958</td>\n",
       "    </tr>\n",
       "    <tr>\n",
       "      <th>West</th>\n",
       "      <td>90.814103</td>\n",
       "      <td>109.294872</td>\n",
       "      <td>113.974359</td>\n",
       "      <td>56.987179</td>\n",
       "      <td>223.269231</td>\n",
       "      <td>90.634615</td>\n",
       "      <td>931.583333</td>\n",
       "      <td>27.964744</td>\n",
       "      <td>185.410256</td>\n",
       "    </tr>\n",
       "    <tr>\n",
       "      <th rowspan=\"4\" valign=\"top\">Espresso</th>\n",
       "      <th>Central</th>\n",
       "      <td>89.666667</td>\n",
       "      <td>102.708333</td>\n",
       "      <td>140.138889</td>\n",
       "      <td>99.027778</td>\n",
       "      <td>242.847222</td>\n",
       "      <td>113.152778</td>\n",
       "      <td>882.090278</td>\n",
       "      <td>81.600694</td>\n",
       "      <td>207.295139</td>\n",
       "    </tr>\n",
       "    <tr>\n",
       "      <th>East</th>\n",
       "      <td>95.600000</td>\n",
       "      <td>86.333333</td>\n",
       "      <td>101.083333</td>\n",
       "      <td>36.333333</td>\n",
       "      <td>187.416667</td>\n",
       "      <td>101.666667</td>\n",
       "      <td>767.133333</td>\n",
       "      <td>26.016667</td>\n",
       "      <td>201.654167</td>\n",
       "    </tr>\n",
       "    <tr>\n",
       "      <th>South</th>\n",
       "      <td>62.305556</td>\n",
       "      <td>46.388889</td>\n",
       "      <td>74.930556</td>\n",
       "      <td>44.305556</td>\n",
       "      <td>121.319444</td>\n",
       "      <td>90.527778</td>\n",
       "      <td>184.645833</td>\n",
       "      <td>52.100694</td>\n",
       "      <td>156.215278</td>\n",
       "    </tr>\n",
       "    <tr>\n",
       "      <th>West</th>\n",
       "      <td>84.133333</td>\n",
       "      <td>75.388889</td>\n",
       "      <td>101.333333</td>\n",
       "      <td>60.833333</td>\n",
       "      <td>176.722222</td>\n",
       "      <td>105.866667</td>\n",
       "      <td>828.933333</td>\n",
       "      <td>66.305556</td>\n",
       "      <td>194.188889</td>\n",
       "    </tr>\n",
       "    <tr>\n",
       "      <th rowspan=\"4\" valign=\"top\">Herbal tea</th>\n",
       "      <th>Central</th>\n",
       "      <td>87.065476</td>\n",
       "      <td>70.178571</td>\n",
       "      <td>99.107143</td>\n",
       "      <td>67.678571</td>\n",
       "      <td>169.285714</td>\n",
       "      <td>110.642857</td>\n",
       "      <td>763.952381</td>\n",
       "      <td>73.681548</td>\n",
       "      <td>202.047619</td>\n",
       "    </tr>\n",
       "    <tr>\n",
       "      <th>East</th>\n",
       "      <td>101.240741</td>\n",
       "      <td>70.092593</td>\n",
       "      <td>66.296296</td>\n",
       "      <td>27.500000</td>\n",
       "      <td>136.388889</td>\n",
       "      <td>86.175926</td>\n",
       "      <td>963.212963</td>\n",
       "      <td>29.736111</td>\n",
       "      <td>191.486111</td>\n",
       "    </tr>\n",
       "    <tr>\n",
       "      <th>South</th>\n",
       "      <td>56.270833</td>\n",
       "      <td>47.708333</td>\n",
       "      <td>72.916667</td>\n",
       "      <td>34.895833</td>\n",
       "      <td>120.625000</td>\n",
       "      <td>74.541667</td>\n",
       "      <td>593.302083</td>\n",
       "      <td>30.057292</td>\n",
       "      <td>133.734375</td>\n",
       "    </tr>\n",
       "    <tr>\n",
       "      <th>West</th>\n",
       "      <td>98.987179</td>\n",
       "      <td>80.705128</td>\n",
       "      <td>114.679487</td>\n",
       "      <td>74.807692</td>\n",
       "      <td>195.384615</td>\n",
       "      <td>127.878205</td>\n",
       "      <td>802.282051</td>\n",
       "      <td>84.304487</td>\n",
       "      <td>231.692308</td>\n",
       "    </tr>\n",
       "    <tr>\n",
       "      <th rowspan=\"3\" valign=\"top\">Tea</th>\n",
       "      <th>Central</th>\n",
       "      <td>87.690476</td>\n",
       "      <td>68.750000</td>\n",
       "      <td>96.964286</td>\n",
       "      <td>50.892857</td>\n",
       "      <td>165.714286</td>\n",
       "      <td>111.422619</td>\n",
       "      <td>672.529762</td>\n",
       "      <td>66.458333</td>\n",
       "      <td>203.500000</td>\n",
       "    </tr>\n",
       "    <tr>\n",
       "      <th>East</th>\n",
       "      <td>46.962121</td>\n",
       "      <td>45.606061</td>\n",
       "      <td>77.348485</td>\n",
       "      <td>59.924242</td>\n",
       "      <td>122.954545</td>\n",
       "      <td>72.318182</td>\n",
       "      <td>762.484848</td>\n",
       "      <td>58.931818</td>\n",
       "      <td>121.882576</td>\n",
       "    </tr>\n",
       "    <tr>\n",
       "      <th>West</th>\n",
       "      <td>100.844444</td>\n",
       "      <td>61.111111</td>\n",
       "      <td>65.166667</td>\n",
       "      <td>31.500000</td>\n",
       "      <td>126.277778</td>\n",
       "      <td>93.788889</td>\n",
       "      <td>926.211111</td>\n",
       "      <td>41.938889</td>\n",
       "      <td>200.611111</td>\n",
       "    </tr>\n",
       "  </tbody>\n",
       "</table>\n",
       "</div>"
      ],
      "text/plain": [
       "                                cost  estimated_cost  estimated_gross_profit  \\\n",
       "product_category region                                                        \n",
       "Coffee           Central   74.390625       72.812500              103.906250   \n",
       "                 East     110.976190       98.809524              204.761905   \n",
       "                 South     78.916667       94.895833              113.958333   \n",
       "                 West      90.814103      109.294872              113.974359   \n",
       "Espresso         Central   89.666667      102.708333              140.138889   \n",
       "                 East      95.600000       86.333333              101.083333   \n",
       "                 South     62.305556       46.388889               74.930556   \n",
       "                 West      84.133333       75.388889              101.333333   \n",
       "Herbal tea       Central   87.065476       70.178571               99.107143   \n",
       "                 East     101.240741       70.092593               66.296296   \n",
       "                 South     56.270833       47.708333               72.916667   \n",
       "                 West      98.987179       80.705128              114.679487   \n",
       "Tea              Central   87.690476       68.750000               96.964286   \n",
       "                 East      46.962121       45.606061               77.348485   \n",
       "                 West     100.844444       61.111111               65.166667   \n",
       "\n",
       "                          estimated_net_profit  estimated_sales  gross_profit  \\\n",
       "product_category region                                                         \n",
       "Coffee           Central             63.072917       176.718750    101.692708   \n",
       "                 East               156.547619       303.571429    219.261905   \n",
       "                 South               81.145833       208.854167     90.666667   \n",
       "                 West                56.987179       223.269231     90.634615   \n",
       "Espresso         Central             99.027778       242.847222    113.152778   \n",
       "                 East                36.333333       187.416667    101.666667   \n",
       "                 South               44.305556       121.319444     90.527778   \n",
       "                 West                60.833333       176.722222    105.866667   \n",
       "Herbal tea       Central             67.678571       169.285714    110.642857   \n",
       "                 East                27.500000       136.388889     86.175926   \n",
       "                 South               34.895833       120.625000     74.541667   \n",
       "                 West                74.807692       195.384615    127.878205   \n",
       "Tea              Central             50.892857       165.714286    111.422619   \n",
       "                 East                59.924242       122.954545     72.318182   \n",
       "                 West                31.500000       126.277778     93.788889   \n",
       "\n",
       "                           inventory  net_profit       sales  \n",
       "product_category region                                       \n",
       "Coffee           Central  680.781250   60.583333  179.895833  \n",
       "                 East     580.785714  184.476190  337.148810  \n",
       "                 South    803.687500   60.947917  173.223958  \n",
       "                 West     931.583333   27.964744  185.410256  \n",
       "Espresso         Central  882.090278   81.600694  207.295139  \n",
       "                 East     767.133333   26.016667  201.654167  \n",
       "                 South    184.645833   52.100694  156.215278  \n",
       "                 West     828.933333   66.305556  194.188889  \n",
       "Herbal tea       Central  763.952381   73.681548  202.047619  \n",
       "                 East     963.212963   29.736111  191.486111  \n",
       "                 South    593.302083   30.057292  133.734375  \n",
       "                 West     802.282051   84.304487  231.692308  \n",
       "Tea              Central  672.529762   66.458333  203.500000  \n",
       "                 East     762.484848   58.931818  121.882576  \n",
       "                 West     926.211111   41.938889  200.611111  "
      ]
     },
     "execution_count": 22,
     "metadata": {},
     "output_type": "execute_result"
    }
   ],
   "source": [
    "cafe.pivot_table(index = ['product_category', 'region'])"
   ]
  },
  {
   "cell_type": "code",
   "execution_count": null,
   "metadata": {},
   "outputs": [],
   "source": []
  },
  {
   "cell_type": "markdown",
   "metadata": {},
   "source": [
    "2. Especificando valores e realizando agregação\n",
    "\n",
    "Por padrão, pivot_tableexecuta a meanfunção de agregação em todas as colunas numéricas e retorna o resultado. Para especificar explicitamente as colunas de nosso interesse, use o valuesargumento."
   ]
  },
  {
   "cell_type": "code",
   "execution_count": 23,
   "metadata": {},
   "outputs": [
    {
     "data": {
      "text/html": [
       "<div>\n",
       "<style scoped>\n",
       "    .dataframe tbody tr th:only-of-type {\n",
       "        vertical-align: middle;\n",
       "    }\n",
       "\n",
       "    .dataframe tbody tr th {\n",
       "        vertical-align: top;\n",
       "    }\n",
       "\n",
       "    .dataframe thead th {\n",
       "        text-align: right;\n",
       "    }\n",
       "</style>\n",
       "<table border=\"1\" class=\"dataframe\">\n",
       "  <thead>\n",
       "    <tr style=\"text-align: right;\">\n",
       "      <th></th>\n",
       "      <th>sales</th>\n",
       "    </tr>\n",
       "    <tr>\n",
       "      <th>region</th>\n",
       "      <th></th>\n",
       "    </tr>\n",
       "  </thead>\n",
       "  <tbody>\n",
       "    <tr>\n",
       "      <th>Central</th>\n",
       "      <td>197.206101</td>\n",
       "    </tr>\n",
       "    <tr>\n",
       "      <th>East</th>\n",
       "      <td>201.099099</td>\n",
       "    </tr>\n",
       "    <tr>\n",
       "      <th>South</th>\n",
       "      <td>154.651786</td>\n",
       "    </tr>\n",
       "    <tr>\n",
       "      <th>West</th>\n",
       "      <td>202.577381</td>\n",
       "    </tr>\n",
       "  </tbody>\n",
       "</table>\n",
       "</div>"
      ],
      "text/plain": [
       "              sales\n",
       "region             \n",
       "Central  197.206101\n",
       "East     201.099099\n",
       "South    154.651786\n",
       "West     202.577381"
      ]
     },
     "execution_count": 23,
     "metadata": {},
